144625
144561
144476
144369
144115
144459
144424
144506
144462
144727
144288
144420
144392
144530
144344
